[individuals]
1
[dimensions]
3
[landmarks]
242
[rawpoints]
'#1
4.702200e-01 -6.124960e-02 -3.052792e+00
5.999399e-01 -7.830058e-01 -2.390269e+00
7.556142e-01 -1.493469e+00 -1.626772e+00
8.811418e-01 -1.777430e+00 -9.849976e-01
9.258074e-01 -1.636857e+00 -6.285925e-01
8.753533e-01 -1.110556e+00 -6.766398e-01
8.687456e-01 -1.099146e+00 -7.330154e-01
6.725726e-01 -5.000173e-01 -1.793330e+00
5.205722e-01 -9.696850e-02 -2.633178e+00
4.362552e-01 3.018893e-01 -3.094591e+00
3.654943e-01 -2.048910e-02 -3.093335e+00
5.702084e-01 -4.189500e-03 -3.114718e+00
3.045685e-01 2.022358e-01 -3.049977e+00
5.880345e-01 2.273252e-01 -3.092042e+00
2.588128e-01 1.037886e-01 -2.882463e+00
6.914611e-01 1.418675e-01 -2.942678e+00
4.273440e-01 -4.471905e-01 -2.693130e+00
6.710924e-01 -4.389578e-01 -2.719106e+00
3.972858e-01 -7.241579e-01 -2.416801e+00
8.031765e-01 -7.039044e-01 -2.468814e+00
2.271532e-01 -8.448202e-01 -2.210679e+00
1.031520e+00 -7.640604e-01 -2.336613e+00
2.452147e-01 -9.154639e-01 -2.110601e+00
1.046351e+00 -8.527058e-01 -2.231100e+00
2.516707e-01 8.264599e-03 -2.680478e+00
7.654831e-01 6.301720e-02 -2.757226e+00
2.059222e-01 -1.361530e-01 -2.350518e+00
8.917678e-01 -6.396440e-02 -2.462184e+00
1.843912e-01 -2.496463e-01 -2.261851e+00
1.315384e-01 -3.986179e-01 -2.251671e+00
9.616095e-01 -1.844281e-01 -2.381344e+00
1.051654e+00 -3.229609e-01 -2.379224e+00
7.351319e-02 -5.354685e-01 -2.195249e+00
8.262150e-02 -5.955282e-01 -2.115558e+00
1.151563e+00 -4.628798e-01 -2.327783e+00
1.159871e+00 -5.295045e-01 -2.264286e+00
2.563176e-01 -4.362799e-01 -1.765756e+00
1.065503e+00 -3.798413e-01 -1.875696e+00
1.651761e-01 -4.800693e-01 -1.826703e+00
1.170688e+00 -4.069704e-01 -1.965713e+00
7.061460e-02 -3.772845e-01 -1.863655e+00
1.210677e+00 -2.802927e-01 -2.009914e+00
2.190751e-01 -9.980901e-01 -1.183737e+00
1.377381e+00 -9.310810e-01 -1.336445e+00
1.039110e-01 -9.813331e-01 -9.672979e-01
1.485536e+00 -9.127675e-01 -1.162907e+00
1.952490e-01 -1.175481e+00 -9.067060e-01
2.706276e-01 -1.281383e+00 -8.020995e-01
1.453813e+00 -1.114434e+00 -1.082475e+00
1.438878e+00 -1.193108e+00 -9.667525e-01
2.259503e-01 -1.209162e+00 -7.061369e-01
1.495256e+00 -1.128024e+00 -9.076643e-01
4.179881e-01 -1.521486e+00 -7.195786e-01
1.341961e+00 -1.464181e+00 -8.247269e-01
6.272199e-01 -1.466312e+00 -5.663508e-01
1.209430e+00 -1.411932e+00 -6.471810e-01
6.023218e-01 -1.481638e+00 -5.976093e-01
1.237776e+00 -1.413351e+00 -6.906847e-01
4.877221e-01 -1.172321e+00 -5.408745e-01
1.291433e+00 -1.109939e+00 -6.712829e-01
6.600743e-01 -1.152362e+00 -6.808572e-01
1.075261e+00 -1.121298e+00 -7.376112e-01
6.176175e-01 -1.088468e+00 -7.251883e-01
1.111375e+00 -1.059175e+00 -7.957829e-01
6.989473e-01 -9.701132e-01 -9.369532e-01
9.440348e-01 -9.507393e-01 -9.776455e-01
6.245497e-01 -8.879849e-01 -1.127259e+00
9.593331e-01 -8.607420e-01 -1.176932e+00
6.178602e-01 -8.623392e-01 -1.185381e+00
9.387624e-01 -8.285955e-01 -1.247380e+00
5.215570e-01 -8.340263e-01 -1.223250e+00
1.027425e+00 -8.040568e-01 -1.299962e+00
4.360765e-01 -5.119791e-01 -1.698296e+00
9.291288e-01 -4.701938e-01 -1.765069e+00
4.979585e-01 -5.006472e-01 -1.917798e+00
8.140572e-01 -4.689002e-01 -1.979883e+00
4.042045e-01 -1.459336e-01 -2.514405e+00
6.688377e-01 -1.236504e-01 -2.553894e+00
4.041211e-01 -7.998760e-02 -2.630875e+00
6.484204e-01 -8.073610e-02 -2.624575e+00
4.167960e-01 2.467526e-01 -2.981362e+00
4.996537e-01 2.420691e-01 -2.987282e+00
4.134435e-01 -4.826602e-02 -3.078144e+00
3.174351e-01 3.532704e-03 -3.100730e+00
2.874057e-01 4.731298e-02 -3.097460e+00
2.786220e-01 1.284804e-01 -3.079535e+00
3.293957e-01 2.360351e-01 -3.061412e+00
3.534632e-01 2.662788e-01 -3.081304e+00
3.917075e-01 2.884340e-01 -3.095927e+00
4.855710e-01 2.955362e-01 -3.108656e+00
5.335043e-01 2.778274e-01 -3.100976e+00
5.622736e-01 2.549111e-01 -3.092492e+00
6.152701e-01 1.701429e-01 -3.116516e+00
6.273800e-01 1.058875e-01 -3.134824e+00
6.083492e-01 4.454462e-02 -3.132117e+00
5.258377e-01 -4.432025e-02 -3.082027e+00
4.891682e-01 -1.613891e-01 -2.973457e+00
5.074707e-01 -2.587169e-01 -2.890549e+00
5.251566e-01 -3.543562e-01 -2.805569e+00
5.422555e-01 -4.484422e-01 -2.718755e+00
5.573820e-01 -5.323521e-01 -2.637030e+00
5.721028e-01 -6.149925e-01 -2.553946e+00
5.863745e-01 -6.986086e-01 -2.471767e+00
3.854139e-01 -1.420024e-01 -2.987970e+00
4.036583e-01 -2.602271e-01 -2.878635e+00
4.165004e-01 -3.554717e-01 -2.787786e+00
5.963312e-01 -1.286252e-01 -3.008145e+00
6.226662e-01 -2.481686e-01 -2.896161e+00
6.463104e-01 -3.451064e-01 -2.809141e+00
4.369295e-01 -5.225047e-01 -2.617946e+00
4.354691e-01 -5.978745e-01 -2.542224e+00
4.227454e-01 -6.619667e-01 -2.478530e+00
6.985093e-01 -5.045978e-01 -2.652968e+00
7.299628e-01 -5.713707e-01 -2.589828e+00
7.645764e-01 -6.371030e-01 -2.527530e+00
3.507056e-01 2.854959e-01 -3.059868e+00
3.003097e-01 2.372367e-01 -2.997221e+00
2.705948e-01 1.736692e-01 -2.939414e+00
5.286539e-01 3.037243e-01 -3.072743e+00
6.052120e-01 2.698006e-01 -3.027950e+00
6.544204e-01 2.100972e-01 -2.985074e+00
4.415409e-01 -7.781456e-01 -2.387253e+00
5.042809e-01 -8.111739e-01 -2.360437e+00
5.577019e-01 -8.052605e-01 -2.365135e+00
6.617239e-01 -8.033036e-01 -2.377969e+00
7.268153e-01 -8.049510e-01 -2.389836e+00
7.771563e-01 -7.646695e-01 -2.430671e+00
3.133501e-01 -8.179371e-01 -2.294916e+00
9.123785e-01 -7.474022e-01 -2.405563e+00
2.332346e-01 -8.880327e-01 -2.164804e+00
1.038829e+00 -8.178093e-01 -2.289104e+00
2.036143e-01 -8.794645e-01 -2.144150e+00
1.685832e-01 -8.310663e-01 -2.168286e+00
1.307262e-01 -7.798631e-01 -2.178135e+00
9.408487e-02 -7.219571e-01 -2.168892e+00
9.050517e-02 -6.562313e-01 -2.147721e+00
1.071907e+00 -8.130386e-01 -2.270834e+00
1.092373e+00 -7.630782e-01 -2.300674e+00
1.118624e+00 -7.094399e-01 -2.316136e+00
1.141977e+00 -6.485846e-01 -2.313370e+00
1.148701e+00 -5.868834e-01 -2.293258e+00
2.534296e-01 7.012511e-02 -2.836496e+00
2.453612e-01 4.391456e-02 -2.786269e+00
2.456426e-01 2.324177e-02 -2.734162e+00
2.515513e-01 -6.895437e-02 -2.518977e+00
1.632901e-01 -1.916804e-01 -2.178585e+00
1.450148e-01 -2.609366e-01 -2.007322e+00
1.594070e-01 -3.387379e-01 -1.860363e+00
2.166322e-01 -4.697126e-01 -1.797819e+00
1.313333e-01 -3.043226e-01 -2.200144e+00
1.955010e-01 -3.309456e-01 -2.266534e+00
6.389930e-02 -5.454243e-01 -2.137220e+00
8.777490e-02 -6.096545e-01 -2.181446e+00
7.139331e-01 1.121855e-01 -2.900750e+00
7.385291e-01 9.066739e-02 -2.855188e+00
7.569299e-01 7.555515e-02 -2.807925e+00
8.211552e-01 -1.675942e-02 -2.584964e+00
1.006307e+00 -1.206398e-01 -2.299824e+00
1.087317e+00 -1.995233e-01 -2.126888e+00
1.122549e+00 -2.731162e-01 -1.985392e+00
1.110435e+00 -4.104087e-01 -1.924536e+00
1.049841e+00 -2.397455e-01 -2.339395e+00
9.645742e-01 -2.621286e-01 -2.396569e+00
1.170959e+00 -4.755308e-01 -2.278641e+00
1.146461e+00 -5.302399e-01 -2.335809e+00
1.231483e-01 -4.290108e-01 -1.833473e+00
1.182731e+00 -3.451193e-01 -1.986390e+00
7.786039e-01 -1.564627e+00 -1.529117e+00
8.011727e-01 -1.626297e+00 -1.425124e+00
8.231378e-01 -1.675118e+00 -1.314391e+00
8.432094e-01 -1.715310e+00 -1.206620e+00
8.626907e-01 -1.751512e+00 -1.097338e+00
1.166158e-01 -1.035030e+00 -9.569716e-01
1.397932e-01 -1.085793e+00 -9.508506e-01
1.642357e-01 -1.133514e+00 -9.304973e-01
1.485116e+00 -9.729215e-01 -1.150269e+00
1.481788e+00 -1.030172e+00 -1.128143e+00
1.473843e+00 -1.074659e+00 -1.105954e+00
7.387232e-01 -1.810591e+00 -8.560766e-01
5.937259e-01 -1.735051e+00 -7.499049e-01
5.084146e-01 -1.627319e+00 -7.266038e-01
1.064132e+00 -1.778526e+00 -9.030988e-01
1.217667e+00 -1.672935e+00 -8.291466e-01
1.280915e+00 -1.569272e+00 -8.241501e-01
3.589014e-01 -1.453213e+00 -7.413014e-01
3.106503e-01 -1.374314e+00 -7.497196e-01
2.707259e-01 -1.286853e+00 -7.417346e-01
1.395680e+00 -1.395355e+00 -8.763123e-01
1.430748e+00 -1.307198e+00 -9.121268e-01
1.455292e+00 -1.214423e+00 -9.265267e-01
2.954473e-01 -1.180623e+00 -7.127395e-01
3.607060e-01 -1.165655e+00 -6.780305e-01
4.332081e-01 -1.163712e+00 -6.175270e-01
1.438696e+00 -1.118762e+00 -8.912913e-01
1.392160e+00 -1.113265e+00 -8.544477e-01
1.330466e+00 -1.112655e+00 -7.690777e-01
8.451291e-01 -1.618030e+00 -6.104165e-01
7.692017e-01 -1.585679e+00 -5.908650e-01
6.929292e-01 -1.533280e+00 -5.737341e-01
6.178280e-01 -1.406931e+00 -4.804478e-01
6.148530e-01 -1.304360e+00 -4.589350e-01
6.588317e-01 -1.216442e+00 -4.953939e-01
7.275143e-01 -1.154185e+00 -5.408886e-01
8.017050e-01 -1.122210e+00 -6.052033e-01
1.018947e+00 -1.605940e+00 -6.389217e-01
1.101722e+00 -1.553302e+00 -6.496168e-01
1.163303e+00 -1.488435e+00 -6.523324e-01
1.243567e+00 -1.354714e+00 -5.793504e-01
1.231927e+00 -1.263665e+00 -5.545629e-01
1.171375e+00 -1.191185e+00 -5.655111e-01
1.077356e+00 -1.134858e+00 -5.870893e-01
9.759148e-01 -1.112205e+00 -6.280275e-01
6.196203e-01 -1.475741e+00 -5.807116e-01
1.220279e+00 -1.420418e+00 -6.704046e-01
5.441917e-01 -1.416403e+00 -5.508600e-01
5.199198e-01 -1.321236e+00 -5.376577e-01
5.651676e-01 -1.236548e+00 -5.621616e-01
6.589684e-01 -1.169611e+00 -6.129603e-01
7.626551e-01 -1.130888e+00 -6.730451e-01
1.282821e+00 -1.325270e+00 -6.604735e-01
1.277035e+00 -1.222016e+00 -6.581145e-01
1.195180e+00 -1.160575e+00 -6.730940e-01
1.088184e+00 -1.129069e+00 -6.900135e-01
9.786388e-01 -1.114923e+00 -7.129785e-01
6.435802e-01 -1.127339e+00 -7.075498e-01
1.097356e+00 -1.093619e+00 -7.692249e-01
6.346921e-01 -1.054810e+00 -7.687611e-01
6.533369e-01 -1.024536e+00 -8.141351e-01
6.753472e-01 -9.995160e-01 -8.768103e-01
1.074404e+00 -1.028084e+00 -8.358424e-01
1.036082e+00 -1.002012e+00 -8.781530e-01
9.898586e-01 -9.783632e-01 -9.287381e-01
7.631197e-01 -9.761075e-01 -9.510478e-01
8.240703e-01 -9.916168e-01 -9.709854e-01
8.848573e-01 -9.735001e-01 -9.740869e-01
6.553955e-01 -4.878320e-01 -1.937030e+00
6.333560e-01 -4.506389e-01 -2.075674e+00
6.053466e-01 -3.846191e-01 -2.201964e+00
5.802518e-01 -3.214337e-01 -2.330298e+00
5.631955e-01 -2.706310e-01 -2.409504e+00
5.477232e-01 -2.181742e-01 -2.487962e+00
5.326701e-01 -1.547430e-01 -2.557933e+00
